visa_credito_regex = "^4"
visa_credito_regex_exclusion = "^(417856|448712|453770|434541|411199|423465|434540|434542|434538|423018|488241|489634|434537|434539|434536|427156|427157|434535|434534|434533|423077|434532|434586|423001|434531|411197|443264|400276|400615|402914|434543|416679|404625|405069|405515|405516|405755|405896|405897|406290|406291|406375|406652|406998|406999|408515|410082|410083|410121|410123|410853|411849|417309|421738|423623|428062|428063|428064|434795|437996|439818|442371|442548|444060|446343|446344|446347|450412|450799|451377|451701|451751|451756|451757|451758|451761|451763|451764|451765|451766|451767|451768|451769|451770|451772|451773|457596|457665|462815|463465|468508|473710|473711|473712|473714|473715|473716|473717|473718|473719|473720|473721|473722|473725|477051|477053|481397|481501|481502|481550|483002|483020|483188|489412|492528|499859|446344|446345|446346|400448)"

master_credito_regex = "^(5|(2(221|222|223|224|225|226|227|228|229|23|24|25|26|27|28|29|3|4|5|6|70|71|720)))"
master_credito_regex_exclusion = "^(511309|514285|501059|557909|501082|589633|501060|501051|501016|589657|553839|525855|553777|553771|551792|528733|549180|528745|517562|511849|557648|546367|501070|601782|508143|501085|501074|501073|501071|501068|501066|589671|589633|588729|501089|501083|501082|501081|501080|501075|501067|501062|501061|501060|501058|501057|501056|501055|501054|501053|501051|501049|501047|501045|501043|501041|501040|501039|501038|501029|501028|501027|501026|501025|501024|501023|501021|501020|501018|501016|501015|589657|589562|501105|557039|542702|544764|550073|528824|522135|522137|562397|566694|566783|568382|569322|504363)"

amex_credito_regex = "^((34)|(37))"

naranja_credito_regex = "^(589562)"

nativa_credito_regex = "^((520053)|(546553)|(554472)|(531847)|(527601))"

cabal_credito_regex = "^((627170)|(589657)|(603522)|(604((20[1-9])|(2[1-9][0-9])|(3[0-9]{2})|(400))))"

diners_credito_regex = "^((30)|(36)|(38))"
diners_credito_regex_exclusion = "^((3646)|(3648))"

argencard_credito_regex = "^(501105)"
argencard_credito_regex_exclusion = "^((589562)|(527571)|(527572))"

maestro_debito_regex =  "^(501059|557909|501066|589633|588729|501089|501083|501075|501067|501062|501061|501060|501058|501057|501056|501055|501054|501053|501051|501049|501047|501045|501043|501041|501040|501039|501038|501029|501028|501027|501026|501025|501024|501023|501021|501020|501018|501016|501015)"

cabal_debito_regex = "^(604201)"

visa_debito_regex = "^(453770|448712|434541|411199|423465|434540|434542|434538|423018|488241|489634|434537|434539|434536|427156|427157|434535|434534|434533|423077|434532|434586|423001|434531|411197|443264|400276|405069|405755|400615|405896|402789|405897|402914|406290|404625|406291|405515|406998|405516|406999|405517|410082|406375|410083|406652|439818|408515|444060|410121|450412|410122|451377|410123|463465|410853|473711|411849|473725|417309|477051|421738|483020|423623|428062|428063|428064|434795|437996|442371|442548|444493|446343|446347|451701|451751|451756|451757|451758|451761|451763|451764|451765|451766|451767|451768|451769|451770|451772|451773|457596|457665|462815|468508|473227|473710|473712|473713|473714|473715|473716|473717|473718|473719|473720|473721|473722|476520|477053|481397|481501|481502|481550|483002|483188|492528|450799|489412|499859|446344|446345|446346|400448)"
visa_debito_regex_exclusion = "^(491580)"

mp_credito_regex = "^((515073)|(515070)|(532384))"
cmr_clasica_regex="^(627180)"

cmr_clasica=627180
cmr_visa=499847
cmr_mastercard=548740
cmr_visa_chip=460072
cmr_visa_platinum=445596
cmr_visa_signature=465375
cmr_visa_contactless=409152
cmr_visa_pro=404028
cmr_mastercard_contactless=548742
cmr_mastercard_premium=512269
cmr_mastercard_elite=522468